[1 0 0 0 0 0 0 0 0 0 0 0 0 0 0 0 0 0 0 0]
[8 1 0 0 0 0 0 0 0 0 0 0 0 0 0 0 0 0 0 0]
[6 0 1 0 0 0 0 0 0 0 0 0 0 0 0 0 0 0 0 0]
[3 0 0 1 0 0 0 0 0 0 0 0 0 0 0 0 0 0 0 0]
[5 0 0 2 1 0 0 0 0 0 0 0 0 0 0 0 0 0 0 0]
[-4  0  0 -1  0  1  0  0  0  0  0  0  0  0  0  0  0  0  0  0]
[-2  0  0 -1  0  0  1  0  0  0  0  0  0  0  0  0  0  0  0  0]
[ 1  0  0  0  0 -1  1  1  0  0  0  0  0  0  0  0  0  0  0  0]
[-3  0  0 -2 -1 -1 -1  5  1  0  0  0  0  0  0  0  0  0  0  0]
[ 8  1  0  0  0 -1  0 -4  0  1  0  0  0  0  0  0  0  0  0  0]
[-4  0  0 -1  0  1  1 -2  0  0  1  0  0  0  0  0  0  0  0  0]
[-2  0  0 -1  0  0  0  1  0  0  0  1  0  0  0  0  0  0  0  0]
[ 7  1  0 -1  0 -1  0  0  0  0  0 -6  1  0  0  0  0  0  0  0]
[11  1  0  0 -1 -3 -2  3  0  0 -1 17 -2  1  0  0  0  0  0  0]
[-1  0  0  0  0  0  0 -6 -1  0  0 32 -5  1  1  0  0  0  0  0]
[  9   1   0   0   0   0   0   2   0   0   0 -18   3  -1   0   1   0   0
   0   0]
[-8 -1  0  0  0  0  0 -1  0  0  0 15 -2  0  0 17  1  0  0  0]
[-3  0  0 -1  0  0  1 -1  0  0  0 10 -1  0  0 24  1  1  0  0]
[  0   0   0   0   0   0   0   1   0   0   0 -11   1  -1   0 -12   0  -1
   1   0]
[-2  0  0  0  0  2  0 -2  0  0  1  6  0  0  0 20  1  0  0  1]
