[ 0.12 -0.89  1.12  1.09  0.74 -1.42  0.23  1.4  -3.18  0.44 -0.94 -0.41
 -1.46 -0.31 -1.03 -0.12  1.15  0.13  0.45  0.  ]
[  0.     5.73  -9.09 -10.06  -6.06  10.69  -1.73 -11.91  24.65  -3.69
   8.09   2.44  11.42   1.62   7.89   0.56 -10.02  -1.13  -3.49  -2.24]
[ 0.    0.   -9.01 -8.13 -3.48  9.45 -1.51 -9.36 20.66 -2.91  6.19  1.51
  7.97  1.67  6.34  1.04 -7.99  0.96 -2.61  0.59]
[ 0.    0.    0.   -2.67 -3.27  3.92  0.11 -3.68  9.95 -3.26  5.19  1.24
  4.72  0.18  1.18  1.52 -2.69 -0.84 -0.37 -1.46]
[ 0.    0.    0.    0.    2.63  0.6  -2.34 -0.05 -3.43  4.27 -4.57  0.02
 -2.61  0.92  2.61 -1.43 -3.03  0.17 -2.69  3.06]
[ 0.    0.    0.    0.    0.   -1.63 -0.6   1.18 -3.94  0.7   1.38 -1.91
 -0.24 -2.59 -2.36  0.43  2.05 -0.16  1.95 -0.77]
[ 0.    0.    0.    0.    0.    0.    1.92 -0.52  3.07 -1.85  3.01 -0.32
  2.01 -0.29 -0.89  2.33 -1.79 -0.65  2.43  0.32]
[ 0.    0.    0.    0.    0.    0.    0.   -0.44 -4.3   2.81 -3.58 -0.55
 -1.25 -2.7  -0.68 -3.22  1.11 -0.86 -0.5  -0.83]
[  0.     0.     0.     0.     0.     0.     0.     0.    26.65 -17.49
  26.28   1.1   10.63  12.83   1.73  19.71  -9.06   2.18   5.72   2.32]
[  0.     0.     0.     0.     0.     0.     0.     0.     0.    12.42
 -15.07  -2.79  -4.69 -11.34  -3.56 -11.74   8.26  -3.5    0.91  -2.47]
[  0.     0.     0.     0.     0.     0.     0.     0.     0.     0.
 -10.44   1.56  -4.65  -3.02  -0.53  -9.8    2.83   0.14  -2.57  -1.36]
[ 0.    0.    0.    0.    0.    0.    0.    0.    0.    0.    0.   -0.07
  3.06  1.45 -0.38  2.54 -3.05 -0.99 -0.13 -0.53]
[  0.     0.     0.     0.     0.     0.     0.     0.     0.     0.
   0.     0.    18.62   6.52  -4.97  15.58 -18.57  -7.96   0.99  -2.89]
[  0.     0.     0.     0.     0.     0.     0.     0.     0.     0.
   0.     0.     0.   -12.69  -2.17  -8.27  11.67  -0.32   8.85   8.62]
[  0.     0.     0.     0.     0.     0.     0.     0.     0.     0.
   0.     0.     0.     0.   -14.82   4.68 -10.02  -9.73   2.81  -9.76]
[ 0.    0.    0.    0.    0.    0.    0.    0.    0.    0.    0.    0.
  0.    0.    0.   -0.61  8.51  8.08  2.18 11.06]
[   0.      0.      0.      0.      0.      0.      0.      0.      0.
    0.      0.      0.      0.      0.      0.      0.   -135.43 -140.82
  -33.03 -189.53]
[  0.     0.     0.     0.     0.     0.     0.     0.     0.     0.
   0.     0.     0.     0.     0.     0.     0.   -52.81 -18.79 -74.72]
[ 0.    0.    0.    0.    0.    0.    0.    0.    0.    0.    0.    0.
  0.    0.    0.    0.    0.    0.   17.5  64.45]
[  0.     0.     0.     0.     0.     0.     0.     0.     0.     0.
   0.     0.     0.     0.     0.     0.     0.     0.     0.   -28.24]
