[ 3.0786523  -0.45500429  0.65798271 -1.94367516 -0.25394228  0.71768416
 -0.77267576 -1.09863007  0.09789998 -0.98176075 -0.14207515 -0.08191896
 -0.91017099 -0.39192474  1.10824467  0.39949299 -1.16791363 -0.47978786
 -1.61801318 -0.94525127]
[ 3.46988802e-17  3.90792414e+00  3.80556250e-01  2.63520844e-01
  7.29250382e-01  8.13564761e-01 -6.82759103e-01 -1.79092881e-01
  1.91361056e+00 -1.33324117e+00  1.31395979e+00  4.62042367e-01
 -4.10916805e-01 -3.74093095e-01 -9.64973676e-01  1.83500773e+00
 -6.99759159e-01  6.81434534e-01 -5.96225221e-01  7.55799374e-01]
[-7.21006319e-17 -8.60457422e-17  4.50355811e+00 -6.13914243e-02
 -7.24878213e-01 -3.63896920e-01 -2.37066916e-02 -1.84757356e-01
 -9.30054159e-01  1.51223870e+00 -6.31401337e-01  6.42532289e-02
  3.88238297e-01 -1.87775268e-01  1.06351929e+00  5.46749214e-01
  1.97853885e+00 -1.31672156e+00  2.84335609e-01  1.05834869e+00]
[-3.26607224e-17 -2.07016477e-17  2.77094273e-17  4.53333373e+00
 -3.43131423e-03 -1.52364396e+00  2.68309210e-01  1.62149373e+00
 -2.55840151e+00 -1.63227530e+00  1.34921318e+00 -3.77346374e-01
 -9.45740451e-01  1.57839232e+00 -1.10718756e+00 -5.55421822e-01
  3.70129760e-01 -1.54510119e+00 -1.35709947e-01 -9.02968325e-01]
[ 8.67024499e-17 -1.99826668e-17  2.03827907e-17  1.43913336e-17
  3.22272354e+00  2.03848976e-01 -9.70103853e-01 -2.14181514e-01
 -8.44222265e-01  3.58002815e-01 -8.32818589e-01 -7.06751995e-01
 -1.18995293e+00 -9.63693266e-01  6.70910934e-01 -5.53138096e-01
 -2.41321750e-01  1.74853990e+00 -1.91093484e-01  1.50207402e+00]
[-2.18484744e-17  7.84807592e-18  9.57141223e-17  1.71998002e-18
 -6.25850432e-17  3.19320772e+00  1.47783731e+00  3.25465901e-01
  3.43212755e-01  5.50695865e-01 -1.18830402e+00  1.43871043e+00
 -6.82071448e-02  4.52789868e-01  1.91719009e+00 -3.09737298e-01
 -6.86013664e-01 -1.35112665e+00  3.10233400e-01  9.29733277e-01]
[ 3.23439962e-17 -9.30059251e-17 -1.24941190e-17  4.85245556e-17
 -6.50664564e-17  1.24198811e-17  4.59588465e+00 -3.59183898e-01
 -2.53296551e-01 -8.81201312e-01 -1.90210067e+00  4.51498015e-01
 -7.49006697e-01  5.09962216e-02 -7.56849146e-01 -5.46755863e-01
 -6.71835981e-01 -1.53573129e-01  2.00136009e+00  8.18839980e-01]
[ 4.95474674e-17 -3.23935695e-17 -1.43919902e-16  1.25730864e-16
  4.51927745e-17  5.33174103e-18  8.85797392e-18  2.40481718e+00
 -1.40914386e+00  1.69986736e-01 -1.08602425e+00  1.04079942e+00
 -5.19868776e-01 -5.59576736e-01 -1.50381893e+00  9.28973669e-01
  5.16851900e-01  6.31448492e-01 -1.14243392e-01 -8.30746668e-01]
[ 3.11599014e-17  2.16761015e-17  5.25800356e-17  5.98323707e-17
  6.56040916e-17 -7.03910006e-18  2.01590294e-17  3.97989170e-18
  3.53007640e+00 -1.12455762e+00  9.60939704e-01  6.49013038e-01
  7.92184952e-01  5.00775713e-01 -6.74840164e-02  1.81851992e+00
  1.84649217e+00  1.44777086e+00 -2.97176536e-01  1.87124224e-02]
[-2.89072046e-17  1.68698096e-17  7.19808746e-17  4.57848337e-18
 -6.12736921e-17  1.41141964e-19 -2.00569578e-17 -7.14433339e-17
  1.35227481e-16  3.73489655e+00 -3.46110777e-01 -1.40319599e+00
  4.41653873e-01 -1.29241484e+00  4.35536841e-01 -3.87135077e-02
 -3.54024253e-01 -1.38722472e+00 -1.16399918e+00  1.03195857e+00]
[-4.57365737e-17 -3.70872382e-17 -6.48250734e-17  2.64323834e-17
 -9.97643934e-17  1.20618655e-16 -7.29857950e-17  3.04002927e-18
 -8.69479070e-18  4.39586315e-17  3.40851783e+00 -6.90012480e-01
 -3.76077732e-01 -2.11196382e+00 -7.08640288e-01 -4.05154814e-01
 -2.58195287e-01 -9.17607691e-01  1.99173599e-01  4.00201236e-02]
[-1.02785790e-17  1.22953320e-16  3.52009446e-17  7.55424025e-17
 -1.31785285e-17  5.20482522e-17  2.11289364e-17 -2.24218600e-17
 -7.93544530e-17  3.36288121e-18 -5.70290006e-17  1.84371724e+00
 -1.42008948e+00 -9.21637693e-01  2.35645759e-01 -2.75573437e+00
 -2.85419676e-02 -1.45935087e+00 -5.24189078e-01  1.08782586e+00]
[-9.80535202e-17 -9.06433644e-17 -8.69104617e-17  8.78336725e-17
  1.35029367e-17  1.70538810e-18 -2.76573024e-17 -2.90762824e-17
 -1.28690521e-16  4.55918481e-17 -8.87825493e-18  1.16009926e-17
  2.96938776e+00 -3.48975052e-01  1.29556663e+00 -6.47167299e-01
  5.16955417e-03  8.95402739e-01 -2.88774229e-01  1.66897353e-01]
[ 1.72177486e-17 -3.23929522e-17  1.44124385e-16  9.07724867e-17
 -7.37973739e-17 -5.28646540e-17 -2.56004141e-17  2.52871013e-17
  4.15179863e-17 -1.15021613e-16  7.54173581e-17 -1.53466630e-17
 -2.92749974e-17  2.54273753e+00  1.01511318e+00  1.11402323e+00
  1.47131041e-01  8.11669841e-01  1.63595525e+00  6.65375684e-01]
[-1.29971811e-16 -4.12845487e-17 -6.35268580e-17  6.40409292e-17
  6.07909643e-17 -4.54984781e-17  1.40893215e-17 -5.71692645e-18
  5.57031552e-17  1.60601784e-16 -2.41010724e-18 -1.49266101e-18
 -5.82956738e-17  1.48498149e-17  1.87660774e+00 -2.06526459e-01
  2.57894932e+00  2.45493725e-02 -3.89991769e-01  1.04728651e+00]
[ 3.28613563e-17 -8.01737551e-17 -1.60967609e-16  1.90705819e-17
  1.48839784e-17  7.61570876e-18 -4.15583392e-17  4.69578321e-17
  9.88796497e-17 -9.99792025e-17 -9.62372340e-17  1.73721324e-17
 -6.74191429e-17 -1.25605879e-16 -3.49767137e-17  2.08140064e+00
  3.99979692e-01 -8.29702409e-01  6.41975753e-01 -9.44281009e-01]
[ 3.54020172e-17  4.79415859e-17 -7.73002172e-17 -6.68752096e-17
  3.43281643e-17  4.15290484e-17  1.31345246e-17  1.24369749e-17
  4.77916462e-17  2.28257757e-18  8.54783087e-18  6.58075409e-18
 -1.96223987e-17 -8.20867842e-17 -1.69690706e-17 -7.98484519e-18
  3.60529733e+00 -1.42537924e-01  2.26447032e+00 -1.79873346e+00]
[-2.32244864e-17 -2.14080872e-17  4.35899533e-17 -5.12051641e-17
  1.00975571e-16 -2.10107801e-17  6.51217526e-17 -2.78002015e-17
 -3.45007263e-18  6.30204147e-17  6.90342112e-17  2.94703689e-18
  3.04477587e-17 -8.26118698e-17 -2.05910350e-17  4.17333116e-17
  9.19857762e-17  7.84722109e-01 -8.80954222e-01  3.25510695e-01]
[-4.02302550e-17  6.44730989e-17  4.40782971e-18  3.37561208e-17
  3.43412195e-17 -8.33740432e-19  1.80381420e-17  2.39937798e-17
 -9.75681087e-17 -1.19417807e-16  1.35729758e-17  4.16529496e-18
  4.15704753e-18 -2.80909481e-17  1.50556226e-16 -9.02134297e-17
  1.27422661e-16  0.00000000e+00  2.98097377e+00  1.60943858e+00]
[ 4.85660539e-17 -8.30249011e-17 -1.89476491e-17 -8.76300734e-17
 -3.37308509e-17 -8.32301296e-18 -6.86058116e-17 -3.83165840e-17
 -1.23706646e-17 -8.11004938e-17 -6.65135758e-17  5.18737212e-18
  4.68595154e-17 -1.40444872e-16 -7.02961776e-18  4.88063693e-17
  1.56872235e-16  0.00000000e+00  0.00000000e+00 -1.48957778e+00]
