[1. 0. 0. 0. 0. 0. 0. 0. 0. 0. 0. 0. 0. 0. 0. 0. 0. 0. 0. 0.]
[-0.38709677  1.          0.          0.          0.          0.
  0.          0.          0.          0.          0.          0.
  0.          0.          0.          0.          0.          0.
  0.          0.        ]
[-3.61290323 -5.00249252  1.          0.          0.          0.
  0.          0.          0.          0.          0.          0.
  0.          0.          0.          0.          0.          0.
  0.          0.        ]
[ 10.25806452  12.41226321 -17.46148185   1.           0.
   0.           0.           0.           0.           0.
   0.           0.           0.           0.           0.
   0.           0.           0.           0.           0.        ]
[ 2.87096774  1.66749751 -3.15624153  0.11588167  1.          0.
  0.          0.          0.          0.          0.          0.
  0.          0.          0.          0.          0.          0.
  0.          0.        ]
[-0.         -3.46161515 10.98512723 -0.72510526  0.92844571  1.
  0.          0.          0.          0.          0.          0.
  0.          0.          0.          0.          0.          0.
  0.          0.        ]
[-4.51612903 -7.09920239 10.76548278 -0.67733197  0.64367141 -0.19995228
  1.          0.          0.          0.          0.          0.
  0.          0.          0.          0.          0.          0.
  0.          0.        ]
[ 3.32258065  3.87487537 -6.65699679  0.45237583 -0.73879233  0.41499365
 -0.97087666  1.          0.          0.          0.          0.
  0.          0.          0.          0.          0.          0.
  0.          0.        ]
[  4.70967742   5.85742772 -14.30245168   0.88971915  -0.6080859
  -0.41044093  -1.65525113   1.3475482    1.           0.
   0.           0.           0.           0.           0.
   0.           0.           0.           0.           0.        ]
[ 4.58064516  5.05234297 -5.69413997  0.31522217  0.31161923  0.53696951
 -0.19630657 -1.23145343  0.06767725  1.          0.          0.
  0.          0.          0.          0.          0.          0.
  0.          0.        ]
[ 1.32258065  0.45962114 -3.86854642  0.23936408  0.11675216 -0.21449432
  1.12918424 -3.52834476  0.70640601  1.86959778  1.          0.
  0.          0.          0.          0.          0.          0.
  0.          0.        ]
[ 0.38709677 -0.10368893  1.78922499 -0.16626712  0.82267471  0.02600033
 -0.49613405  2.89653255 -0.02776813 -2.11482781 -0.79952153  1.
  0.          0.          0.          0.          0.          0.
  0.          0.        ]
[-3.51612903e+00 -6.74376869e+00  8.16360045e+00 -5.20787699e-01
  6.77957775e-01 -3.50502962e-01  2.02925926e-03  8.41848410e-01
  2.90112185e-01 -8.40473925e-01 -7.44239062e-01  9.00373981e+00
  1.00000000e+00  0.00000000e+00  0.00000000e+00  0.00000000e+00
  0.00000000e+00  0.00000000e+00  0.00000000e+00  0.00000000e+00]
[ -1.4516129   -1.75922233   3.69611526  -0.25651063   0.1593477
  -0.34084722  -2.35538235   1.26769935   1.99930287   0.58191372
  -0.68091434 -10.85266015 -40.65653381   1.           0.
   0.           0.           0.           0.           0.        ]
[-1.41935484 -2.14905284  3.30039893 -0.14559711 -0.42240073  0.70020313
 -0.80228878  0.43648584 -0.05679713  0.31011526 -0.67520164 -1.39735061
 -8.17711834  0.20349376  1.          0.          0.          0.
  0.          0.        ]
[ 3.03225806  4.9107677  -7.95766683  0.42625277  0.48078645 -0.38917608
  0.22054715  5.30312817 -1.95846977 -4.2919228   0.4985522  12.07624034
 52.6652392  -1.30609047 -0.16704985  1.          0.          0.
  0.          0.        ]
[-7.41935484e-01 -8.16051844e-01  9.96707851e-01 -7.79234468e-02
  1.09759897e-02 -5.95626571e-01 -2.06648186e+00 -5.44525482e+00
  4.59444916e+00  3.75696327e+00 -8.50761571e-01 -3.38956192e+00
 -5.97438723e+01  1.50989842e+00  2.81912061e-01 -7.69831156e-01
  1.00000000e+00  0.00000000e+00  0.00000000e+00  0.00000000e+00]
[-0.41935484 -0.69641077  8.19880708 -0.54628396  0.27578674  0.39555255
  1.08135141  2.46492301 -1.79891287 -0.99077013  0.53909833 -9.17175155
 17.69029133 -0.47801777  1.75434491  0.64514377 -1.00208121  1.
  0.          0.        ]
[-2.38709677 -3.3888335  10.47778768 -0.64959619  0.25311052  0.63300997
 -0.07943486  2.74099118 -1.05173581 -1.4465353  -0.16543839  1.15460052
 12.22856582 -0.31723194  2.06883973  0.52174459 -2.15192606 -9.25555236
  1.          0.        ]
[ -3.70967742  -6.19740778   8.59103761  -0.54950891   0.15449143
  -0.66955284   3.19886426  -0.10204922  -1.97458917   1.99839193
  -0.35665106 -19.72307478 -21.75256577   0.51508358   1.93789991
   0.31062458   2.62289483  26.5521844   -2.20590101   1.        ]
