[-0.31 -0.86 -0.19 -0.75 -0.27 -1.53  0.15 -0.71  1.86  1.19  0.56 -0.81
 -0.32 -0.52  1.01  1.44  0.67  0.87  1.77  0.25]
[ 0.          0.64709677  0.64645161  0.07967742  0.56548387 -1.16225806
 -0.24193548 -0.04483871  0.26        1.52064516 -0.36322581 -0.60354839
  0.73612903  1.16870968  0.22096774  1.71741935 -0.73064516 -0.03322581
  0.58516129 -0.14322581]
[  0.           0.           0.25741775  -2.37109172   2.87334497
 -10.03192921  -0.63834497  -2.8594666    7.31064806  12.60637089
  -0.91380857  -7.30569791   2.00635095   4.89775174   3.87442173
  14.05395813  -2.04440179   4.74701396   9.82210369  -1.02326022]
[   0.            0.            0.          -34.28820384   46.49360374
 -146.22125818  -10.2021918   -42.56074848  104.43755994  189.01417173
  -17.51251365 -113.07787773   27.549414     75.29986463   53.24978988
  208.60426082  -34.85222801   74.16778942  145.66853519  -19.09439947]
[ 0.          0.          0.          0.          4.57343269 -8.16818519
  0.08025777 -2.15000117  5.45822297 11.82335015 -1.60688508 -7.42299472
  3.48127248  4.64669627  1.69979572 13.79629049 -3.12909092  3.89569744
  6.5832508  -2.36587879]
[  0.           0.           0.           0.           0.
   8.42664228   0.48263524   2.65152699 -10.26781915  -7.76086911
  -1.11555464   3.16325288  -2.46777262   1.15931948  -5.75257592
 -10.57853401  -3.04754121  -0.70905688  -6.41862595  -1.89400832]
[ 0.          0.          0.          0.          0.          0.
 -0.67346411 -0.3949145  -3.27434136 -0.54092294 -1.46252778 -0.4042037
 -1.66270248  1.1057257  -0.35660118 -2.93325662 -1.08400365 -0.14385353
 -1.03687533 -0.16097633]
[ 0.          0.          0.          0.          0.          0.
  0.         -0.56141401 -0.95094311  1.16948913 -0.2383137   0.18044271
  0.25616877  2.37497329 -0.13207086  0.04511464  0.91228723 -1.96005626
 -1.64894005 -1.10783809]
[ 0.          0.          0.          0.          0.          0.
  0.          0.         -3.51651777 -0.55617452 -0.79303974 -0.64946246
 -3.63358157  1.36881153  1.04553178 -2.06334732 -3.88428696  2.17368309
  0.58686184  1.47541132]
[ 0.          0.          0.          0.          0.          0.
  0.          0.          0.          2.04178654  0.14980849  1.17603369
  1.00214573  2.11808444  1.86899685 -0.48406181  4.93256427 -4.67876118
 -1.83241237 -1.36056978]
[ 0.          0.          0.          0.          0.          0.
  0.          0.          0.          0.          1.95212094  0.01135377
  4.45096127  2.86408495 -4.5735896   2.6062909  -2.13027683 -1.19277282
 -2.99173293 -2.78844841]
[ 0.          0.          0.          0.          0.          0.
  0.          0.          0.          0.          0.          0.34079057
  0.51133868 -0.68698646  0.35519216 -0.7790013   5.77164343 -5.68055343
 -0.61665613 -1.09676232]
[  0.           0.           0.           0.           0.
   0.           0.           0.           0.           0.
   0.           0.          -0.24488503   9.52964239  -6.26710737
   6.24499095 -51.31425659  48.21415771   2.13103634   6.39371072]
[    0.             0.             0.             0.
     0.             0.             0.             0.
     0.             0.             0.             0.
     0.           378.89969044  -259.5666608    243.73265191
 -2025.63341079  1900.26327471    82.07607931   244.34835588]
[ 0.          0.          0.          0.          0.          0.
  0.          0.          0.          0.          0.          0.
  0.          0.         -1.37685714  2.18699369 -0.50461552  0.17964926
 -2.99151472  2.57453411]
[ 0.          0.          0.          0.          0.          0.
  0.          0.          0.          0.          0.          0.
  0.          0.          0.         -9.16627022 -2.68886948  8.91945663
  7.15954765  0.93232195]
[ 0.          0.          0.          0.          0.          0.
  0.          0.          0.          0.          0.          0.
  0.          0.          0.          0.          8.85567897 -3.13546893
 -0.82760943 -3.67783589]
[  0.           0.           0.           0.           0.
   0.           0.           0.           0.           0.
   0.           0.           0.           0.           0.
   0.           0.          -0.8157381    2.04797407 -10.77709212]
[   0.            0.            0.            0.            0.
    0.            0.            0.            0.            0.
    0.            0.            0.            0.            0.
    0.            0.            0.           22.03305467 -111.73647389]
[ 0.          0.          0.          0.          0.          0.
  0.          0.          0.          0.          0.          0.
  0.          0.          0.          0.          0.          0.
  0.         37.33693549]
